10000
321	767	465	830	948	651	175	694	288	870	415	616	709	483	572	175	147	906	529	504	502	599	531	551	938	701	273	911	561	605	473	988	38	846	955	857	623	933	938	771	182	38	519	976	103	240	732	424	193	282	546	888	220	196	652	575	619	523	584	141	176	439	37	80	186	419	221	286	406	449	637	584	760	318	937	388	213	639	468	939	589	846	268	184	625	407	242	991	107	524	676	229	345	519	6	377	619	578	139	497
221	128	12	732	477	846	6	92	650	467	575	286	598	199	139	422	955	818	85	837	576	410	316	270	850	893	227	977	149	607	972	741	387	637	346	817	762	784	296	158	345	122	576	211	252	848	226	618	351	869	49	299	796	811	751	201	196	731	500	238	123	700	258	137	537	881	430	675	24	369	462	606	120	241	666	336	772	485	57	20	919	831	335	668	484	796	660	425	981	73	725	88	613	244	938	480	820	257	880	880
52	42	83	599	261	437	822	623	997	801	960	532	618	319	626	242	842	486	715	543	667	673	530	932	808	363	806	778	954	900	387	764	179	527	467	323	262	873	583	967	373	855	426	992	358	851	903	599	940	725	982	61	821	524	429	28	453	987	85	737	646	316	30	148	822	780	464	489	41	25	241	341	28	359	250	578	101	726	745	815	617	205	974	992	30	769	495	435	776	991	309	305	919	483	412	244	915	663	531	101
505	924	638	415	601	187	424	540	208	188	210	984	351	706	584	192	510	870	616	812	598	585	417	283	986	914	473	836	458	728	764	820	721	637	194	260	510	61	75	722	930	698	314	139	698	410	314	470	672	382	651	535	46	884	629	331	732	390	634	958	311	838	623	576	345	868	897	523	28	542	332	124	727	485	607	888	509	68	931	502	666	545	796	936	296	843	111	280	286	417	583	944	492	946	280	425	298	462	558	706
626	729	359	898	85	654	453	417	548	620	965	860	554	166	870	866	889	79	60	378	161	246	313	892	364	887	519	370	531	677	86	737	378	664	247	134	319	660	401	582	270	205	82	476	929	465	132	381	49	647	389	25	152	415	187	105	662	267	100	807	130	226	98	746	277	315	62	161	566	478	695	967	353	184	726	543	870	844	868	406	446	645	698	570	220	646	228	994	638	317	150	609	282	181	522	538	768	937	334	942
490	955	338	521	924	502	355	661	733	682	254	774	770	18	487	445	312	375	442	16	826	588	197	183	386	844	542	315	808	414	98	890	918	597	52	62	773	352	534	883	637	793	575	454	376	493	790	93	571	105	977	766	293	362	299	681	925	815	613	330	59	635	762	247	106	704	647	462	377	683	828	228	538	79	963	526	110	876	306	568	955	278	45	4	814	208	113	675	448	238	502	855	523	469	215	329	56	311	166	381
770	612	862	186	874	598	929	730	475	578	997	400	391	455	479	270	381	688	605	18	376	344	438	794	914	466	589	121	261	784	951	796	374	350	667	383	346	80	659	233	972	820	588	275	766	167	169	909	301	700	542	441	970	970	56	648	502	141	312	454	73	109	721	957	360	517	408	499	328	687	221	975	168	867	284	667	305	723	933	913	776	371	908	758	586	352	299	37	207	68	976	745	302	652	501	29	681	702	266	578
442	319	463	264	713	964	150	566	458	273	988	268	721	684	152	644	967	751	51	577	650	518	251	882	407	98	98	872	885	901	286	743	840	218	157	675	330	653	549	741	876	425	538	78	162	242	204	923	983	713	515	918	774	599	205	86	5	597	167	39	383	412	58	307	743	352	196	609	936	557	24	272	901	706	375	320	354	863	158	451	600	38	788	650	27	758	76	734	81	981	136	780	335	559	570	340	434	474	221	615
802	881	756	774	207	231	965	132	366	426	468	514	310	949	505	496	710	201	490	176	978	417	215	576	146	820	183	704	137	131	406	103	977	633	668	169	616	653	171	357	18	419	784	323	900	85	629	349	42	274	79	44	402	822	711	373	375	783	928	544	782	746	474	971	627	908	850	190	635	25	709	851	330	682	87	532	823	963	132	149	489	304	130	116	914	252	515	474	524	800	927	331	906	282	209	70	882	341	160	56
480	669	424	93	186	64	535	305	188	347	808	253	107	905	925	834	26	409	154	261	195	190	401	975	54	652	954	559	161	803	698	1	827	565	967	938	486	426	770	278	600	837	399	831	233	675	57	552	315	764	742	311	343	819	420	675	469	592	291	288	400	727	836	755	176	903	976	535	244	102	352	523	783	613	277	57	951	339	614	926	652	989	392	705	141	282	4	389	646	468	235	971	301	441	472	879	181	567	724	490
493	360	771	960	589	192	661	780	666	981	985	298	579	11	304	304	219	951	757	189	452	176	557	45	487	801	547	382	223	986	219	126	244	596	586	41	260	533	176	294	534	603	215	130	115	993	113	518	960	274	199	768	621	809	610	65	254	878	743	393	596	691	72	425	936	935	406	702	707	101	578	589	517	9	866	936	526	45	118	443	769	150	840	439	636	441	266	767	692	786	127	728	768	285	873	522	776	604	169	957
551	729	89	446	94	906	534	64	578	440	131	881	542	13	533	891	342	939	108	168	131	680	848	913	252	790	439	729	962	197	205	9	19	411	102	17	716	916	106	774	216	738	433	900	570	821	932	568	481	953	412	436	987	900	163	801	166	659	922	1000	965	583	620	653	607	890	47	738	756	669	630	963	718	927	651	627	174	244	742	441	499	326	845	40	640	263	913	806	989	490	258	632	676	692	893	863	159	740	243	599
403	530	784	159	450	52	532	658	604	940	645	652	848	377	594	757	212	528	557	566	143	287	613	224	762	307	312	808	494	576	846	990	900	719	781	590	27	600	927	574	113	149	706	553	526	695	874	965	705	147	810	575	524	642	839	442	184	459	429	169	24	626	967	212	193	563	267	931	270	792	769	87	606	598	117	440	750	886	71	943	868	529	944	150	209	250	501	739	451	746	991	394	713	529	934	334	368	987	592	899
903	849	973	104	195	450	101	258	193	474	1000	275	226	129	994	935	956	488	440	638	509	538	978	840	646	680	287	998	492	86	344	123	437	819	105	232	819	596	755	580	278	151	42	185	562	348	921	112	636	847	447	404	404	313	568	821	42	352	619	221	847	30	236	2	481	735	578	588	966	490	263	32	774	102	622	450	93	306	183	594	754	681	35	169	403	493	314	275	483	143	158	762	66	439	481	215	860	144	662	126
784	42	205	666	383	737	978	429	272	165	366	632	731	198	737	385	947	27	465	283	609	664	322	871	2	239	600	303	28	768	504	400	61	762	166	712	686	168	596	976	452	179	869	686	73	142	292	533	256	277	320	38	398	174	797	55	826	384	502	471	138	329	578	758	764	971	703	84	836	35	560	361	914	816	853	873	854	739	815	262	926	216	355	183	296	364	764	269	443	333	767	624	495	18	892	5	580	215	100	636
305	687	129	429	19	85	252	880	251	600	801	346	573	233	57	768	739	84	215	82	143	10	725	182	409	697	766	878	896	647	962	979	486	180	76	768	106	376	658	174	659	792	240	331	67	49	102	937	281	288	615	170	910	191	725	606	670	435	126	811	261	448	492	931	803	188	112	966	314	814	666	90	509	288	267	903	236	428	429	751	631	628	991	636	110	974	768	322	632	957	204	842	670	150	995	68	903	835	962	274
405	827	49	447	589	121	421	976	290	245	987	227	527	284	748	695	387	444	170	730	326	820	306	70	364	560	509	636	480	617	916	852	122	372	961	914	806	766	287	192	338	442	948	406	513	391	619	897	199	659	467	138	983	832	16	903	963	232	743	643	559	278	972	487	905	283	52	321	975	41	128	767	582	452	243	236	121	916	20	78	133	462	213	129	579	109	51	554	419	817	382	559	593	717	543	24	585	316	514	880
278	75	15	548	320	351	122	717	804	670	757	438	723	332	967	73	721	627	505	251	338	777	612	959	773	855	686	151	941	467	41	154	181	691	494	34	212	552	627	655	319	901	432	209	541	79	883	625	254	618	596	504	179	134	449	289	645	723	144	78	196	735	112	25	128	363	171	70	902	132	175	522	139	539	417	402	535	987	639	986	441	533	233	228	498	217	990	172	753	871	955	414	32	55	163	341	921	143	145	450
474	18	814	537	938	605	258	643	147	922	771	263	713	50	824	869	479	776	628	189	730	652	232	751	598	575	601	807	24	866	15	344	878	218	651	429	835	900	545	353	883	35	80	312	785	919	677	844	259	168	911	532	560	731	281	465	366	922	605	891	277	64	231	87	245	877	501	205	385	384	883	378	676	618	801	630	409	834	65	374	340	32	52	697	957	710	426	861	865	887	657	879	859	704	333	923	562	358	549	277
620	701	600	342	503	354	940	487	367	563	333	735	750	234	281	968	437	984	866	563	198	927	300	148	659	799	853	940	150	56	965	69	838	32	982	280	253	166	973	497	462	288	304	105	745	923	37	659	449	741	378	697	470	5	601	304	775	150	143	354	60	927	657	138	197	418	656	115	537	788	348	211	378	235	607	796	941	708	6	140	260	650	958	559	426	105	819	466	651	277	409	147	33	132	685	625	409	35	913	89
846	967	271	440	855	89	525	212	371	589	463	629	259	362	526	971	367	318	716	749	218	960	245	222	294	412	927	242	451	192	182	332	121	471	950	882	912	771	558	716	696	372	218	497	13	179	376	965	861	713	531	418	734	929	124	125	208	580	967	902	984	157	656	250	328	22	143	820	923	733	742	561	927	105	934	832	608	550	53	489	162	353	560	248	975	490	565	244	628	45	555	423	301	96	284	410	563	644	584	601
881	454	275	880	589	37	533	458	88	770	69	51	935	10	435	886	480	874	522	334	431	946	747	458	441	95	572	967	293	491	853	643	56	250	130	512	299	49	140	623	397	79	805	692	423	62	727	122	385	235	313	672	353	854	248	387	254	454	425	988	139	764	650	316	538	446	153	300	709	976	698	352	168	605	62	538	744	445	401	940	598	311	465	487	613	342	739	202	685	471	472	722	598	28	407	671	422	266	880	790
257	960	460	269	932	566	962	71	665	5	355	980	875	210	716	892	841	819	75	593	2	393	533	874	341	701	571	367	640	892	761	469	756	831	252	331	13	757	898	321	549	151	63	850	19	925	773	985	544	916	171	182	316	671	506	438	300	477	809	609	201	172	961	975	746	636	220	778	388	249	69	952	119	930	476	730	715	788	90	968	602	700	665	363	434	862	58	221	703	696	314	171	398	546	863	773	307	91	954	617
418	909	961	834	304	381	231	628	855	750	764	72	551	171	107	829	977	80	216	854	996	211	163	892	887	407	192	464	483	482	108	144	271	332	475	248	366	340	682	490	448	360	71	115	92	692	769	992	146	165	277	875	626	209	963	241	410	941	779	373	995	638	714	937	50	496	346	615	850	568	40	984	965	548	634	705	509	291	349	905	623	423	290	377	873	611	114	303	263	187	770	448	188	230	114	865	704	606	188	332
744	550	999	481	650	125	751	112	570	718	228	572	463	564	644	954	214	532	392	158	981	280	407	402	595	848	207	217	758	465	267	226	59	318	756	189	206	927	667	302	748	668	896	351	131	208	665	620	775	380	867	169	998	146	764	187	98	266	808	421	935	68	838	8	337	663	683	653	695	672	398	643	745	17	561	767	77	928	92	239	264	775	372	718	98	672	287	312	38	898	491	600	363	884	385	763	492	606	126	43
325	946	143	102	564	680	144	618	182	632	259	808	364	246	244	970	862	164	512	340	69	630	419	221	230	930	14	396	373	672	544	692	953	212	571	40	227	221	853	918	225	186	440	820	355	792	328	41	64	895	469	252	216	421	669	825	607	467	13	895	562	883	384	121	339	238	451	974	336	238	414	142	204	542	143	605	786	724	55	392	349	760	582	627	322	174	394	254	294	416	618	615	134	321	5	808	922	506	407	431
282	214	104	328	891	575	53	645	568	994	192	361	752	152	606	969	74	843	509	816	422	124	321	185	201	294	116	207	572	490	666	707	605	756	393	417	905	708	765	464	69	833	208	514	696	510	66	6	425	502	644	246	699	46	448	742	855	837	917	464	43	458	822	752	98	556	171	839	242	737	682	220	202	276	385	167	962	963	536	64	256	412	174	683	879	565	19	570	621	263	42	276	816	605	980	484	474	121	704	137
216	296	302	355	88	962	175	519	245	180	458	803	244	341	310	979	373	130	29	490	496	782	41	382	227	16	487	428	172	780	282	914	726	633	879	718	73	194	925	594	524	34	701	393	364	649	53	145	590	661	947	6	234	92	495	362	921	394	413	773	420	562	876	584	643	366	481	480	974	108	135	446	860	523	589	365	207	330	176	767	557	232	995	847	988	124	540	2	22	737	541	580	634	184	585	398	4	787	362	244
816	4	673	498	381	704	426	988	248	74	474	346	266	967	414	355	237	526	69	483	290	368	905	306	374	22	924	441	770	18	24	224	999	240	619	424	657	484	85	663	242	252	438	326	871	109	398	41	363	667	115	445	165	957	282	829	368	963	5	474	638	600	608	152	514	913	562	484	654	957	645	643	86	543	405	685	591	690	236	574	10	915	97	820	762	78	724	214	119	891	650	880	185	776	105	868	438	698	761	396
553	5	832	269	724	601	684	907	397	204	912	628	146	500	244	250	681	746	698	978	463	209	733	84	279	40	214	757	216	273	270	207	208	864	210	258	991	132	424	203	606	47	481	945	558	347	192	294	786	970	892	768	857	86	96	294	362	330	721	70	590	799	218	981	62	174	274	670	558	38	97	429	368	644	213	562	287	606	401	555	75	606	404	204	178	353	709	612	391	736	692	454	470	717	395	573	974	788	194	365
419	849	245	885	947	962	758	470	668	442	427	997	915	730	371	377	19	467	447	250	411	834	58	505	546	780	939	495	197	998	878	967	672	236	964	823	442	369	942	449	693	296	25	458	890	173	251	50	244	987	683	988	727	701	826	203	634	947	348	264	767	376	384	750	964	936	461	760	494	975	585	966	779	467	70	949	765	150	352	636	287	679	433	186	263	147	760	607	38	375	656	773	718	182	982	656	266	270	34	999
289	908	126	187	502	415	727	246	416	191	878	109	899	548	301	410	833	94	917	224	478	476	543	280	984	874	710	469	688	922	36	700	83	112	512	724	52	213	967	73	175	897	20	368	110	64	765	778	573	785	819	624	597	94	127	634	697	942	933	177	192	919	555	680	749	984	926	925	584	121	75	336	87	638	805	169	98	667	984	216	213	600	705	87	551	623	685	281	64	899	978	824	509	93	853	315	875	773	751	722
144	514	451	441	724	838	793	52	575	949	994	909	452	413	484	373	745	751	159	29	943	117	663	815	752	951	151	43	453	935	782	53	609	165	631	947	205	118	915	321	798	611	277	355	135	218	974	102	704	848	609	58	285	186	465	724	813	786	840	532	85	477	27	853	993	940	303	972	432	695	608	26	749	679	808	244	744	469	140	479	200	313	952	185	418	514	984	558	534	673	617	331	722	472	598	34	41	980	151	716
633	590	151	303	997	127	293	455	743	997	890	676	357	395	843	501	747	563	621	377	388	77	853	211	322	334	916	995	386	856	720	644	760	341	301	318	526	431	325	854	126	288	609	825	410	35	49	909	158	342	515	813	836	730	688	410	32	274	646	559	563	903	13	644	219	91	618	862	639	125	719	935	17	204	288	257	975	206	524	431	860	149	85	93	572	828	679	500	96	945	518	841	158	553	416	537	542	450	719	816
592	602	79	250	146	702	684	256	344	811	235	124	157	635	917	435	891	511	491	554	920	595	697	340	368	556	676	602	98	96	980	751	420	40	981	777	157	480	226	1	64	845	915	824	268	721	755	63	841	14	648	671	744	183	561	489	340	41	926	452	725	559	957	371	45	597	952	338	296	273	450	328	872	495	393	178	337	503	264	241	298	878	212	100	61	79	394	140	189	161	105	873	571	944	141	430	404	34	657	907
158	303	537	777	123	11	398	76	324	550	418	947	311	327	429	697	726	825	332	488	721	169	786	927	365	22	870	927	22	996	90	800	547	91	849	33	848	199	661	596	613	229	987	479	845	68	241	434	276	626	300	742	410	320	716	389	579	332	347	169	916	315	629	908	174	398	229	137	223	418	700	21	365	305	382	982	959	183	737	751	806	998	223	600	290	1	389	150	519	431	913	644	718	420	873	163	917	225	558	531
776	51	772	910	926	185	434	217	500	39	210	477	543	835	196	72	50	909	234	70	717	726	932	115	482	603	450	905	490	409	207	484	984	173	223	604	85	241	504	197	58	392	118	811	526	884	478	4	392	792	702	528	273	538	567	498	524	429	815	181	344	242	827	510	529	290	436	324	796	63	427	429	410	844	644	758	445	945	119	566	465	885	942	497	748	389	557	125	290	122	187	531	801	590	81	325	951	444	824	502
423	503	828	997	200	354	562	420	786	748	448	719	388	584	681	978	477	94	664	143	981	406	589	593	804	149	246	512	770	652	167	403	347	334	990	911	895	300	603	508	259	328	161	718	346	824	503	269	75	86	781	499	630	715	17	969	678	434	531	814	208	103	286	84	966	8	17	945	457	562	831	264	224	258	576	64	496	648	477	915	917	6	76	586	947	340	950	9	863	484	12	625	102	101	198	142	497	603	35	691
36	339	845	830	909	75	372	63	534	437	442	927	715	358	246	191	574	77	925	475	249	838	15	138	769	475	4	741	54	200	412	417	215	280	258	660	213	844	454	399	854	950	907	945	794	836	649	779	420	380	49	428	772	378	71	243	877	397	847	59	776	702	306	358	88	592	309	419	9	524	891	648	163	334	851	866	973	440	159	641	104	428	569	45	187	563	175	287	713	444	862	564	534	67	361	991	139	775	185	853
484	527	76	900	838	38	354	462	988	466	957	577	44	567	919	304	563	501	236	573	976	776	693	727	749	496	850	325	716	82	443	915	877	281	797	312	596	316	860	162	979	680	881	456	362	969	508	730	665	406	699	570	915	524	452	844	219	313	136	145	422	493	848	657	429	974	78	70	164	17	62	305	375	565	777	980	935	504	925	83	29	667	419	317	180	980	960	574	635	150	462	858	684	42	50	776	699	212	282	577
960	806	758	103	763	105	529	308	78	42	909	725	262	199	882	362	883	121	709	240	606	989	910	182	302	794	731	311	781	837	822	271	584	292	484	355	527	10	868	58	578	912	130	977	26	215	105	160	44	505	258	397	43	126	16	497	408	574	598	251	720	881	763	708	388	680	544	938	833	517	341	307	16	68	735	428	826	185	741	660	82	664	783	692	552	975	498	716	924	314	166	366	679	72	339	452	967	435	461	182
28	688	731	369	55	694	424	894	508	743	713	607	582	794	849	328	274	685	779	665	290	71	151	138	994	696	158	538	25	558	4	544	738	753	931	460	473	941	359	581	404	843	854	376	966	592	867	704	722	699	677	815	237	746	349	31	645	553	921	657	71	811	396	433	118	614	217	1000	575	849	246	91	385	735	754	687	641	937	769	629	800	535	184	296	512	926	553	542	733	977	882	874	524	326	878	801	933	337	187	820
210	872	33	543	980	980	60	676	429	388	285	235	279	276	457	959	855	633	536	994	689	961	633	720	401	416	239	994	413	485	859	718	23	922	150	485	512	896	938	637	185	650	219	845	188	214	241	481	309	601	445	248	86	69	949	581	212	878	933	795	789	183	31	111	890	431	49	752	220	282	892	934	930	37	139	269	627	218	998	190	632	627	352	35	237	662	769	183	4	855	973	715	809	512	842	29	541	93	851	996
673	750	872	866	624	710	434	911	698	305	967	173	578	328	381	300	416	452	342	967	741	501	283	402	628	244	471	112	369	387	421	854	133	145	183	536	964	138	577	446	71	796	469	57	676	127	574	165	704	334	205	588	127	415	423	978	982	468	954	865	645	497	289	556	354	162	508	573	491	878	440	520	575	128	300	74	900	50	855	697	182	849	976	304	695	144	70	941	937	966	55	458	950	634	74	91	857	711	318	848
944	54	109	312	520	857	723	137	312	862	172	850	839	359	567	872	626	750	268	602	231	272	110	769	332	695	420	478	565	913	967	635	846	917	768	554	997	41	455	829	492	918	425	435	105	446	191	281	411	639	788	810	574	189	319	487	913	356	243	270	4	561	937	252	139	28	761	928	116	493	219	467	620	603	808	901	875	888	303	322	200	534	914	856	989	986	899	70	599	313	846	780	509	771	984	464	343	345	810	694
589	584	548	14	792	811	907	727	553	590	392	224	525	190	563	359	348	904	14	47	618	496	59	973	706	344	145	269	448	646	339	953	785	290	588	943	19	529	385	175	443	686	70	996	671	660	391	953	960	243	944	114	921	162	797	99	894	344	581	985	138	462	976	824	583	304	183	857	328	243	148	599	453	897	135	75	699	119	9	288	223	643	209	685	464	915	752	540	696	811	498	711	404	125	212	191	963	44	304	814
184	646	395	651	377	891	860	12	950	356	266	19	293	690	615	118	229	991	722	468	396	512	786	136	778	97	399	235	465	619	580	854	759	282	192	876	564	340	452	92	202	286	245	441	960	526	410	547	355	858	391	265	825	1	45	507	773	152	690	54	274	81	435	212	936	705	497	377	284	430	366	1000	784	501	596	307	672	547	91	804	444	352	714	895	575	274	618	497	111	164	304	335	233	363	102	688	492	282	717	261
491	985	692	592	454	668	805	76	368	865	523	673	595	864	224	979	471	646	35	253	518	850	277	754	251	930	219	495	195	713	715	894	784	731	129	617	532	112	363	326	593	190	862	324	458	907	520	649	677	901	66	107	147	580	309	832	559	234	412	232	365	432	3	702	338	806	262	813	277	642	998	75	278	576	45	858	140	494	793	536	106	13	239	38	992	166	812	419	417	987	926	965	465	761	446	36	42	559	954	643
795	692	491	905	349	131	316	257	719	260	184	121	971	10	799	861	125	296	977	800	404	875	781	668	223	624	567	513	910	533	432	354	998	609	10	20	386	834	970	145	711	170	849	245	743	279	130	384	958	62	88	951	273	435	618	953	275	97	710	237	814	85	98	689	711	828	124	838	754	431	167	663	661	703	448	900	123	887	518	169	805	293	847	307	677	323	762	449	374	624	875	28	138	428	940	954	415	902	566	516
746	832	25	722	376	868	192	521	118	158	985	580	354	852	250	553	316	134	767	645	717	273	251	334	981	850	718	418	828	601	579	2	191	663	278	730	902	161	506	974	996	381	282	602	412	482	438	220	817	286	93	432	893	119	296	397	772	801	696	840	39	724	537	630	154	637	590	739	880	610	687	177	830	692	169	59	954	362	891	813	959	547	855	108	866	394	210	406	14	796	262	29	368	366	101	284	608	999	181	518
13	748	918	548	606	440	493	410	506	992	777	522	535	350	309	814	487	453	418	684	492	590	480	792	814	727	477	247	923	493	951	597	309	616	545	405	105	597	192	507	88	637	215	152	333	470	725	775	961	974	95	89	362	171	569	288	19	929	419	874	163	297	83	2	926	631	680	789	675	681	656	540	381	408	837	774	819	236	11	215	546	325	622	576	971	301	651	221	584	100	169	868	981	809	343	651	878	197	808	634
335	693	538	771	365	488	824	263	381	881	993	705	428	409	712	388	736	841	204	376	179	173	507	436	962	335	184	872	366	794	484	542	68	758	693	341	814	65	935	991	581	78	842	683	281	254	529	119	88	533	762	350	29	729	759	372	141	721	741	825	670	570	885	733	930	417	110	363	895	472	81	27	88	981	672	223	870	956	917	875	358	64	570	304	858	673	989	727	184	67	360	472	893	513	251	387	987	853	729	643
152	444	106	937	211	254	31	822	726	357	399	244	255	901	691	887	748	893	198	414	678	339	745	357	659	598	736	538	980	502	290	227	445	342	51	690	966	231	520	2	598	312	992	999	844	694	879	844	503	236	660	179	955	942	801	383	550	298	351	935	318	552	822	283	530	729	6	890	809	139	547	62	295	264	195	376	930	885	542	603	812	309	89	959	709	42	265	740	874	320	139	810	7	476	833	924	199	389	406	480
398	885	219	111	522	716	281	662	89	379	932	522	536	721	669	110	144	499	73	158	639	487	324	738	872	132	820	64	717	707	637	221	863	680	908	575	985	786	539	348	230	48	930	670	840	117	402	659	605	3	870	504	884	245	633	991	77	388	14	226	93	56	793	549	53	178	710	422	694	242	385	343	389	351	272	92	6	213	421	728	121	112	19	552	692	770	478	269	870	704	21	696	345	738	154	599	364	790	655	191
344	301	690	789	611	207	188	319	686	878	474	722	351	41	857	178	215	448	672	925	918	615	279	572	499	242	26	938	99	157	530	486	92	933	676	58	296	364	20	626	863	852	744	219	62	58	179	725	494	243	760	841	509	461	572	176	987	694	371	189	954	849	102	862	728	172	746	512	606	36	37	303	196	769	542	730	54	645	364	24	236	87	335	401	968	252	817	174	891	700	696	302	324	41	688	361	534	108	461	244
931	567	759	387	109	88	101	544	342	258	456	652	230	537	580	849	58	749	149	811	360	912	696	510	936	215	392	204	94	580	625	84	287	870	64	423	877	122	432	140	830	37	41	866	485	369	168	955	665	104	621	702	834	860	427	864	63	662	868	802	714	115	979	203	226	414	164	519	984	183	912	12	998	351	512	914	186	751	98	513	543	66	219	848	417	709	647	772	340	494	852	952	632	300	100	238	861	737	907	505
29	997	344	114	174	656	637	816	789	382	938	781	100	915	432	690	199	194	513	592	320	190	430	20	445	80	406	522	117	74	909	436	449	841	316	436	382	550	488	577	938	984	589	893	112	391	832	998	712	414	867	56	362	90	260	180	986	618	238	839	434	138	575	591	483	402	367	940	318	342	559	928	512	741	623	276	576	18	774	973	120	572	483	347	632	579	121	357	46	837	443	779	732	62	16	851	297	177	329	78
72	27	304	922	594	926	440	80	785	1	857	360	591	711	264	657	467	628	513	742	570	966	346	422	909	390	270	682	629	924	16	609	233	688	463	304	473	67	200	202	509	260	102	531	669	325	351	841	170	69	45	940	116	594	10	849	840	277	107	124	362	942	224	486	994	734	78	334	76	203	789	578	517	232	34	571	206	626	368	666	399	960	859	455	316	268	431	663	575	615	882	211	182	716	41	892	376	990	750	725
748	537	769	117	733	319	412	389	222	903	943	631	292	786	485	151	545	916	487	816	881	682	266	823	210	279	740	651	683	2	396	316	996	491	733	371	493	953	892	756	509	692	170	242	627	408	184	549	138	566	399	868	985	719	352	543	412	640	608	270	437	417	808	708	847	503	448	616	138	865	943	99	45	835	627	268	397	847	46	545	924	674	639	65	62	484	794	686	660	948	900	940	426	501	834	572	45	890	776	611
933	876	894	487	958	680	476	335	70	995	702	542	521	794	449	763	922	6	567	911	21	704	244	72	598	331	531	709	686	524	111	242	728	655	911	950	167	471	693	401	306	679	960	430	756	848	289	158	216	928	295	78	465	630	641	589	882	562	747	972	269	927	521	948	321	940	657	217	710	516	849	437	116	42	906	593	412	311	171	198	212	515	443	786	384	55	630	585	905	699	807	452	877	45	863	487	950	162	580	906
161	726	628	225	76	696	215	122	599	423	62	851	824	581	322	981	667	362	806	834	847	221	793	916	492	37	918	7	789	892	658	4	849	470	39	384	104	408	338	112	376	965	701	853	342	254	469	884	992	481	870	641	537	112	804	277	977	244	564	398	425	1000	258	130	91	602	564	835	960	669	615	291	456	580	162	102	68	949	479	507	815	426	190	840	602	794	334	868	932	932	373	559	384	783	991	605	475	484	243	148
167	443	289	844	620	575	123	204	515	905	841	584	464	307	206	746	152	14	63	238	973	491	93	199	482	695	780	854	124	205	808	347	438	575	605	908	701	573	694	60	943	111	130	773	923	997	590	950	100	981	890	566	800	140	411	551	890	440	913	837	282	504	290	937	645	163	662	297	22	32	471	351	455	659	728	746	268	179	160	613	430	549	926	477	99	102	470	111	787	897	714	22	993	766	681	339	737	575	472	307
538	487	700	869	313	292	141	973	528	118	411	453	893	485	769	350	731	352	849	215	819	845	187	151	520	464	556	425	16	807	866	588	693	820	66	946	824	651	172	502	5	445	429	93	8	231	915	770	36	595	847	16	451	510	861	922	470	238	88	606	612	805	646	156	829	468	129	655	602	161	402	55	681	742	546	588	661	170	380	583	986	586	821	459	259	246	403	697	685	259	137	115	885	221	509	137	505	987	179	381
686	321	599	685	245	466	893	343	483	630	78	6	737	264	197	995	852	624	424	936	310	251	895	474	104	67	351	552	740	978	145	969	635	651	622	854	363	593	764	626	776	773	583	421	930	592	471	313	879	787	121	438	332	517	956	518	375	286	988	795	823	819	898	44	654	319	641	603	13	220	890	192	357	156	430	116	937	254	314	680	333	721	649	219	890	53	870	85	361	355	603	83	284	77	436	913	604	728	680	551
502	363	436	447	187	38	143	140	44	360	763	346	220	803	841	681	380	575	143	63	541	248	548	546	592	868	666	830	476	645	526	801	473	301	942	333	387	907	146	301	659	150	849	585	288	166	42	442	264	931	319	849	464	373	183	157	829	908	591	538	895	354	181	338	737	194	174	206	833	414	228	914	438	127	565	405	249	242	489	801	918	593	572	926	685	328	270	974	860	304	786	743	272	747	319	327	166	277	222	393
530	464	738	220	450	500	36	955	314	356	559	480	407	417	984	386	681	665	126	911	955	367	496	555	38	917	237	592	219	791	235	849	554	667	100	786	446	896	351	996	649	288	622	65	761	795	473	709	755	768	208	627	219	970	56	123	104	513	687	243	697	972	106	923	259	139	557	24	922	154	992	404	600	55	510	532	444	805	702	550	937	178	430	49	587	496	297	120	900	907	670	548	65	156	719	147	882	393	894	958
611	156	552	195	544	322	916	572	940	158	58	705	58	353	58	833	260	403	856	994	174	99	748	378	112	489	319	210	495	627	12	119	918	348	700	38	725	163	847	186	701	748	116	926	69	94	108	336	843	85	802	777	733	556	965	863	152	164	339	688	995	374	515	406	719	566	100	788	390	251	626	344	608	426	599	952	210	986	193	48	94	907	431	530	991	194	93	675	850	385	63	832	938	873	867	744	824	640	88	828
48	466	269	767	273	625	726	617	916	188	922	164	176	846	350	75	622	782	991	361	954	683	379	186	710	663	976	136	23	846	904	496	827	209	146	67	645	613	54	29	818	907	499	318	238	790	313	665	54	570	772	335	87	28	126	346	824	843	643	105	416	250	759	850	611	701	101	885	170	799	759	409	939	885	797	729	206	667	248	828	114	228	589	599	35	484	782	53	847	407	759	721	407	339	89	977	305	351	889	364
267	406	866	599	611	437	227	623	530	740	244	148	621	203	197	65	313	665	231	204	643	319	460	220	666	288	377	152	513	568	66	627	667	371	620	302	439	334	778	89	306	757	191	522	983	348	261	73	129	842	303	421	859	943	217	235	12	485	79	518	177	733	134	827	37	236	857	736	185	313	474	283	266	225	368	35	461	467	46	738	790	248	829	777	953	953	115	205	502	908	865	656	60	232	62	429	399	347	632	872
189	213	767	311	749	405	244	592	443	632	497	395	440	64	714	961	244	771	620	241	634	700	994	123	485	871	848	242	157	922	334	927	886	747	843	515	502	988	217	919	691	298	687	74	74	321	869	779	309	907	717	786	834	434	92	890	790	35	433	575	286	859	557	191	328	806	337	925	762	785	506	272	242	483	667	291	800	350	569	850	447	578	184	655	791	606	901	600	78	158	646	982	57	635	70	118	319	580	672	641
250	640	238	839	499	878	51	694	81	656	607	777	437	319	3	109	260	817	644	426	583	619	54	383	213	497	255	231	495	366	824	984	296	233	605	378	558	932	580	601	751	226	609	381	811	242	751	865	599	121	806	881	428	884	255	299	974	375	123	700	78	47	349	364	253	137	350	696	44	647	336	272	178	361	725	860	571	398	788	997	547	281	459	293	942	945	661	711	675	346	590	177	879	807	455	9	760	707	689	639
275	112	232	54	723	782	2	815	96	620	666	513	404	224	461	399	372	531	545	617	804	587	385	587	413	305	558	569	41	154	988	984	465	610	504	202	104	215	519	220	288	147	912	356	73	682	718	754	843	440	769	610	578	992	324	745	335	585	679	283	560	933	190	203	661	111	559	99	79	410	397	976	403	718	978	8	490	161	583	824	521	687	169	958	299	939	2	20	807	932	351	516	46	946	611	881	790	205	241	705
476	540	406	633	300	748	137	580	685	700	700	104	843	206	364	339	633	356	83	605	997	666	924	904	596	857	238	647	919	430	614	282	543	408	875	947	225	820	476	251	27	506	162	953	600	333	119	870	562	308	461	110	708	820	90	284	414	473	222	982	904	445	327	817	416	298	631	709	661	288	164	962	298	157	438	972	851	946	93	43	61	170	376	783	850	447	536	804	721	619	2	352	616	779	44	451	456	547	670	796
956	218	266	808	705	503	626	851	101	409	983	356	156	328	404	871	692	137	702	905	290	601	697	190	844	174	138	960	132	761	142	393	320	318	8	844	333	67	152	2	400	274	710	97	464	242	742	848	885	95	360	756	889	23	900	659	794	487	424	76	114	23	627	35	977	471	905	543	237	896	216	540	375	96	864	487	921	285	93	449	22	262	882	833	434	324	747	570	47	421	750	630	131	867	662	678	673	53	135	234
82	582	95	285	298	919	920	614	853	812	912	103	480	262	87	664	586	802	528	303	115	899	182	222	569	263	915	862	591	26	135	997	51	789	676	457	772	998	442	450	93	793	704	85	998	145	124	775	226	219	283	607	521	432	721	526	278	409	460	60	994	1	129	833	862	613	829	965	418	309	777	951	933	624	274	710	867	387	7	732	368	858	985	9	351	23	573	534	173	831	256	851	111	439	638	881	784	278	397	642
40	84	525	791	483	976	221	316	376	347	424	499	445	612	37	507	704	933	359	771	92	594	102	841	408	737	138	502	7	992	9	607	540	241	865	158	119	91	1000	703	820	93	367	46	74	873	250	354	326	970	35	769	6	522	880	370	768	36	960	748	873	394	100	986	476	459	770	592	112	305	494	629	64	584	79	38	735	445	178	560	801	570	119	542	295	673	166	56	176	337	801	74	29	130	533	284	863	76	713	398
973	701	131	785	883	999	680	876	905	788	249	248	855	443	167	276	497	71	606	496	15	634	686	942	500	25	670	915	807	923	290	604	461	640	552	565	996	432	566	46	897	660	698	586	978	771	154	64	732	801	438	534	455	800	851	180	281	94	110	55	254	535	836	451	908	73	819	432	427	537	816	710	463	395	63	742	526	790	151	74	313	714	395	366	396	750	316	415	574	554	70	409	770	510	594	121	982	722	222	906
851	202	659	670	912	630	589	967	562	277	497	861	504	933	264	961	420	74	446	729	923	197	704	363	523	848	378	784	639	524	83	774	810	102	672	272	533	977	433	745	155	521	670	815	944	360	24	939	276	642	665	516	756	487	640	102	363	13	995	885	830	661	704	496	500	783	942	568	818	992	92	730	159	708	11	659	766	575	276	550	705	171	370	934	789	368	170	466	603	987	690	826	8	53	740	728	657	258	177	420
119	768	247	395	275	216	420	162	726	832	862	821	908	380	480	581	34	812	787	193	611	664	583	181	71	511	277	414	650	913	387	406	919	511	575	910	764	113	753	361	948	44	582	202	699	365	602	769	746	565	382	58	381	671	461	683	31	721	177	966	255	284	405	222	942	925	864	196	688	621	477	635	510	877	669	195	628	493	49	325	306	826	725	659	131	160	92	307	467	627	228	839	96	489	643	60	262	89	72	311
651	36	272	461	526	814	259	314	242	304	768	569	534	774	504	465	510	514	137	44	755	685	562	34	867	418	63	976	553	305	807	944	866	827	909	199	710	359	943	381	342	418	588	445	157	993	211	641	419	697	205	573	354	281	145	180	749	476	208	33	111	490	517	625	665	699	786	497	926	448	233	577	527	948	801	67	103	473	906	969	220	745	16	87	261	745	930	880	293	281	85	300	313	237	804	116	76	752	137	292
237	775	427	663	350	245	449	588	534	332	494	128	341	818	392	573	32	910	411	58	504	379	121	784	152	888	785	743	705	659	726	18	650	749	244	309	297	230	505	454	30	537	529	85	839	433	719	910	482	833	219	806	820	665	510	292	830	227	912	787	739	668	123	760	453	96	363	734	549	473	557	240	81	421	312	283	930	795	543	84	668	53	273	463	313	625	407	639	288	176	844	271	764	738	886	882	470	817	461	26
812	922	317	244	793	587	810	91	150	158	655	253	988	439	269	712	35	187	670	148	178	345	384	855	802	264	374	382	840	477	907	688	49	693	955	659	47	727	915	142	878	780	399	955	361	12	770	969	939	427	148	343	284	805	310	5	200	500	355	783	982	711	473	955	68	714	553	319	747	153	154	217	464	823	763	342	529	437	643	244	822	929	597	30	329	623	326	715	92	810	853	937	872	247	697	30	48	582	854	839
398	345	113	340	153	862	133	672	924	563	28	165	255	96	5	770	713	89	282	76	487	911	249	765	326	106	467	464	948	581	259	839	48	788	732	759	886	184	961	68	274	249	512	414	937	91	49	551	951	189	969	596	461	82	986	857	529	60	468	478	56	971	787	916	755	700	466	938	358	792	612	187	382	656	696	205	243	215	11	563	974	690	822	223	484	331	669	905	445	973	171	894	972	111	499	920	712	890	340	261
308	167	24	350	3	782	89	587	658	889	975	700	334	937	127	816	96	69	547	487	127	518	997	915	737	824	610	84	351	241	597	212	821	197	963	275	347	285	759	488	988	92	512	624	446	802	911	824	365	96	378	815	928	519	160	795	866	596	174	964	439	809	972	379	655	329	600	487	759	667	485	621	259	643	538	981	764	627	66	864	536	948	518	363	424	237	374	328	410	189	767	209	628	647	318	305	622	437	259	556
123	801	273	847	753	762	45	671	509	775	598	545	681	159	797	290	962	938	742	275	62	561	939	846	217	196	641	486	784	278	173	940	165	336	327	96	217	6	808	857	732	456	411	842	972	897	155	945	379	345	400	327	40	109	251	177	356	267	291	971	206	283	728	52	437	307	442	300	133	160	475	460	792	414	682	69	293	882	359	170	642	830	385	769	327	675	545	761	543	332	82	325	478	322	309	253	765	320	857	419
977	248	264	726	399	784	785	10	472	399	640	89	235	430	355	141	301	379	252	675	258	969	624	46	233	925	713	39	464	650	161	541	983	395	633	896	809	820	362	110	95	97	869	865	898	270	799	268	409	486	895	282	706	763	519	787	824	494	253	875	524	694	502	143	823	898	30	342	31	943	898	428	744	467	575	254	770	116	891	889	760	337	449	308	857	748	297	742	606	987	935	412	966	680	544	442	749	506	505	233
535	284	107	593	238	589	223	728	904	452	673	481	120	813	907	369	3	210	498	56	825	374	86	301	241	140	580	212	228	487	822	400	403	102	700	121	262	339	466	170	13	194	672	749	425	254	949	917	436	303	377	749	367	93	204	708	440	697	999	820	565	515	499	330	12	43	422	59	947	501	842	870	571	759	942	559	429	707	116	58	191	348	800	120	281	972	859	183	510	787	823	343	245	829	881	968	839	304	864	101
241	209	951	313	483	73	487	905	336	252	305	602	625	572	904	408	206	677	989	634	594	540	226	541	510	656	13	971	679	722	620	599	381	469	672	585	217	108	807	916	883	203	511	644	949	278	897	424	428	344	881	524	651	680	192	767	878	96	668	500	337	957	284	893	974	595	431	26	770	763	613	35	487	72	422	173	535	568	178	412	678	250	505	648	106	794	343	466	368	529	139	955	667	225	218	523	875	145	204	776
159	997	169	417	624	641	457	110	213	602	653	158	628	419	625	4	13	877	272	221	730	461	796	683	772	581	994	173	875	408	37	837	170	660	92	21	859	55	101	268	24	785	384	515	110	658	21	644	13	215	864	475	178	940	275	896	585	119	233	70	344	631	699	818	487	924	866	521	879	414	526	212	894	983	341	944	793	506	119	880	741	757	538	592	832	425	716	295	94	769	445	607	886	583	96	216	344	639	552	44
802	286	261	284	602	6	946	384	790	628	444	992	484	513	621	539	754	672	473	741	962	633	656	635	17	361	874	636	665	489	582	10	690	667	96	359	288	380	397	713	608	926	110	542	438	491	834	118	939	857	171	47	411	714	108	697	653	216	202	675	110	376	819	863	963	176	871	910	134	890	921	572	898	682	324	902	758	84	579	994	382	45	435	177	265	448	421	519	14	726	522	99	843	644	161	133	742	304	900	962
510	210	248	130	422	518	152	812	431	718	724	203	84	379	93	218	344	391	541	596	631	875	570	381	754	154	357	964	157	102	15	146	980	984	193	973	913	270	389	922	209	255	656	408	134	424	493	278	714	944	44	606	317	690	720	985	355	718	808	399	355	411	304	919	397	238	339	97	125	227	915	143	675	550	963	172	142	891	789	276	49	93	748	478	511	350	270	778	934	818	516	881	965	509	507	534	587	168	593	769
424	769	789	449	961	322	462	889	890	450	319	306	927	398	713	106	736	753	847	500	149	440	422	570	47	970	545	282	681	797	305	548	247	205	57	526	555	354	785	846	807	728	274	665	738	51	984	386	181	763	437	296	283	901	582	374	527	663	769	730	804	343	676	169	449	78	422	35	112	964	800	783	79	333	437	400	465	927	216	926	102	564	207	820	917	440	552	107	808	608	64	348	122	577	811	4	165	230	102	662
855	27	51	239	289	611	12	197	953	632	795	699	848	631	945	616	811	30	251	418	934	131	455	648	202	950	924	829	69	455	344	521	181	88	910	81	754	232	354	507	982	113	773	861	850	54	968	542	855	687	423	206	74	354	10	683	194	470	792	188	183	827	869	768	490	267	313	95	505	697	909	31	242	650	818	269	956	961	697	905	98	488	471	275	279	819	99	672	423	372	296	145	445	602	454	773	885	47	130	413
964	621	358	729	357	592	153	18	180	663	836	726	800	145	154	595	172	235	184	809	315	505	719	9	522	104	423	651	833	170	360	14	60	221	399	338	209	196	388	448	967	831	57	584	257	850	602	311	949	540	125	296	922	602	111	354	105	810	326	739	414	702	106	656	492	589	68	107	384	195	604	964	327	498	160	302	731	198	614	699	812	660	943	250	942	164	753	183	667	90	299	828	416	692	443	627	571	773	866	840
413	532	102	621	940	106	779	892	158	498	877	149	705	231	180	461	957	86	787	729	83	81	170	509	455	416	806	480	501	837	888	722	90	997	673	243	970	23	304	384	384	437	457	51	291	218	202	845	68	23	375	934	383	906	117	448	890	282	168	345	331	406	135	183	872	170	498	810	365	525	456	411	799	240	174	538	328	31	896	237	803	112	342	4	95	175	447	821	528	441	717	639	968	788	469	609	789	26	725	107
606	498	867	228	255	730	639	307	75	146	533	725	990	68	282	947	564	847	1	673	639	838	531	999	370	936	940	564	565	837	989	709	275	667	983	916	712	714	523	492	109	713	438	854	618	275	699	673	594	425	16	714	658	812	194	986	373	375	394	25	794	400	153	762	764	534	171	983	180	445	122	196	569	255	876	960	618	548	817	474	959	958	245	197	169	687	816	986	709	708	111	384	627	535	328	897	85	796	148	165
310	967	260	485	549	476	141	582	541	730	780	4	798	324	795	735	132	58	444	861	401	472	22	404	12	945	547	731	391	646	599	209	941	266	605	343	50	805	416	991	246	439	709	513	438	217	754	587	346	578	523	533	792	304	441	830	977	739	229	430	710	582	889	20	332	379	540	300	561	433	438	906	159	12	869	555	887	670	331	528	627	319	940	685	916	723	857	157	530	319	208	276	273	722	521	871	711	990	712	267
879	542	478	450	958	519	69	924	824	129	173	413	281	922	581	724	183	812	720	172	313	517	445	541	204	259	843	881	167	416	501	195	974	161	708	249	698	742	911	606	171	490	136	700	83	559	648	793	665	382	192	607	918	474	256	488	332	703	945	900	612	127	938	365	834	645	990	977	522	229	928	397	630	875	252	410	405	473	589	32	279	285	239	228	930	769	959	304	337	197	794	997	745	628	680	950	481	296	614	364
946	2	58	914	594	351	922	202	407	137	360	689	571	48	789	131	293	988	240	636	224	893	313	754	656	203	157	87	53	621	246	555	667	623	170	124	481	888	133	543	583	201	307	675	791	241	326	521	74	343	849	126	39	181	170	132	523	790	472	433	196	534	145	272	324	407	885	794	459	850	781	661	939	931	219	952	624	679	30	857	620	237	814	192	362	53	685	349	104	145	438	550	990	759	707	80	484	956	133	305
57	589	11	965	836	475	813	423	40	20	104	612	467	974	21	633	404	94	418	323	361	626	929	673	469	796	397	978	716	975	3	273	142	987	865	73	781	903	893	37	177	218	37	805	367	959	668	27	757	52	422	29	839	658	940	764	333	20	743	154	766	514	450	759	193	714	415	5	436	98	952	513	184	571	560	93	823	784	569	655	587	777	44	713	474	393	967	669	265	335	679	411	995	577	404	360	944	886	873	980